0 0.79453125 0.5859375 0.075 0.07890625
0 0.459375 0.60703125 0.07421875 0.06953125
0 0.68359375 0.46953125 0.05859375 0.05078125
0 0.59609375 0.63359375 0.078125 0.07734375
0 0.6765625 0.78984375 0.0640625 0.05625
0 0.58515625 0.8734375 0.05625 0.07578125
0 0.75 0.7078125 0.053125 0.02578125
0 0.6609375 0.7140625 0.05234375 0.0375
1 0.7112110125 0.715648146875 0.8066080828125 0.6654251375 0.8046082437500001 0.6349198921875 0.7172487390625 0.6604028359375 0.6737766828125 0.6486841125 0.659285996875 0.6855143421875 0.7112110125 0.715648146875
1 0.5071338890625 0.46118492343749995 0.2828691125 0.377891778125 0.270452721875 0.432725178125 0.4745298453125 0.5147561125 0.5071338890625 0.46118492343749995
1 0.5107565593750001 0.6855143421875 0.2499242203125 0.55995681875 0.2354335359375 0.623572609375 0.4817751875 0.725692746875 0.5107565593750001 0.6855143421875